(Troisieme groupe)

Tableau Νεο ²2.

ἷζε -ι- 60051‘34¹

z = -ι- 25⁰ 58‘ 30¹

xm

Rome Ze 28 octobre 1861.

u, = 34⁰ 53‘ 4*

 

Ξ
0

ἵ Heme

 

 

6⁷³ 40⁷⁷*30s
44 30
6 51 15
55 30
7 3 45
8 0

7 2130,
25 O

7 4115
4445

28 30
32 15
43 15
47 0

12 45
15 30

34 45
38 O

160
190

23 30
27 O

220
240

80
110

32 45
35 30
18 30

10
10
11

11

ἳ-ΟΕὯΓἹΦΨΗᾸΡΟΝΓ*

 

12

μ
.0

12

μιν-Α
,ΜΗ

,.1
90

μ
9( .

21 30

 

’.Δ
μμ
numo-7001*

μ
5³³

3320

G

-1- 50⁰ 57‘,5

—43
—48
-ι- 50
-1- 50
-48
-47
-1-49

-1-48
-46

÷47

—46
÷48

÷47
—45

-1-47
÷47

-45
÷46

-ι- 47
-- 45

—46
-1-49
-ι-49
-46
—48
÷50
-1-50

 

22,5
75
25
15
75
20
45
45
125
425
55

15
30
175

· 125

20
325
40
75
50

15

50
15

25
525
15
20
45

 

,ίΘ V
÷20 150
5 5
2 5
1 5 5
2 1⁵· ἐξ 53
2 125 60 22
’ 60 26

2 5 5
2 525 60 18
’ 60 12

1 425 60 2
59 50

1 45 56 22
56 4

2 25 43 40
43 12

2 325 39 50
39 24

2 5 32 30
31 54

ρ 3οῡ 12

 

Nova Acta Reg. Soc. Sc. Ups.‚ HIe Seirie.

 

 

 

 

 

 

 

 

 

M oyen‘nes
Heme u p
0²²42⁷⁷¹30³ 20 13‘ 07789
6 53 225 3 575 03712
7 5525 6 55 03695
7 23 15 9 4 0756ss
7 43 0 12 9 0,7334
10 30 225 32 38 0,717O
10 45 75 33 165 Ο,7249
11 14 75 34 255 Ο,7075
11 36 225 34 505 Ο,7043
12 17 30 34 165 03011
12 25 15 33 575 Ο,6969
1 23 0 30 145 017004
3 9 30 17 275 017459
3 34 75ἰ 13 335 Ο,7481
4 20 0 6 135 0,7715
4 35 ow. 3 4352ffl2 0376235.

 

11

