XL

JUIN 1862.

         
   
   
 
  
 
 
 
 
 
 
 
 
 
 
 
 
 
    
   
 
 
 
    

   

 

 

 

 

 

 

 

 

 

 

 

 

 

 

 

 

 

 

 

 

  

{⁴ Βανονηὲτνε ὰ 0⁰ T cmpe‘rature exterieure Dgffe‘rence entre Ze Therm. T ension dela vapeur dean
Ξ, en pouces et liques Par. suivant le Therm. centiy sec et mouille dans l’tzz'z· en liques Par.
ξ 7'‘· du πιαί.Ι2Ῐ·- du soir 91¹·du soir 711 dum. 2¹¹· du s. 97¹·- du s 77¹· dum. 21¹¹- du s.91·-dus. 7)ι dum. 21¹-du ,1,-,Ι 9⁶- clu s.
1 28 486 28. 4,64 23. 3,14 41603 42607 41302 2116 607 308 2”,’ 72 2”,’ 16 2”,’ 79
2 2,9Ο 2,03 ],12 15, 4 24, 6 13, 9 422 10, 2 3‚7 3,17 2, 53 3, 04
3 O,44 0,12 27.,1163 16, 9 22, 8 15, 9 2,7 7,5 3,1 4,·19 3,59 4,58
4 ⁴27.10,83 27 9,57 8,25 18, 5 18, 7 10, 8 3,8 5,7 Ο,6 4, 35 3, 31 3, 88
5 8,71 9,5O los->1 11, 8 18, 6 12, 7 ),1 5,6 2,7 3,34 3,31 3,Ξὸ
6 9,60 8,45 8,77 11, 2 15, 9 13, 0 0,5 1,8 2,(’1 4, 04 4, 70 3, 71
7 9,44 8,27 8,Βὸ 14,4 18, 2 15, 5 2,0 2,7 1,8 4,l4 4,95 4‚58
8 9,·21 9,09 8,83 141 2Ο,0 13, 5 2,1 7,0 3,8 4,24 2,97 2,78
9 9,69 10, 67 10,82 13, 4 20,-5 13, 8 2,6 7,6 3,1 3, 50 2, 77 3, 33
10 10,12 8,80 7,79 11, 9 12, 3 9, 5 0,7 2,1 0,1 4,1⁴2 3,47 3,80
11 &62 960 1023 9, 2 17,2 11, 0 0,9 6,9 2,3 3, 33 2, 21 3, 04
12 10,98 10,86 10,30 12, 5 16, 9 9, 0 3,4 6,9 2,8 2, 84 2, 13 2, 34
13 982 8,14 7,83 7, O 15,10,Ο 1,0 3,5 O,3 2, 79 3, 52 3, 83
14 6,87 7,90 8,6’”) 11, 7 15,8 11, 5 Ο,3 1,8 0,0 4,29 4,.51 4,39
15 9,65 10, 20 10. 50 14, 9 15, 3 12, 4 1,-2 2,1 Ο,2 4 , 74 4, 33 4, 55
16 11,12 11, 55 11,86 15, -5 16, 5 11, 2 1,7 2,3 Ο,3 4, 63 4, 60 4, 15
17 28. 0,19 11, 72 11,4θ 15,1 2⁶2.8 2 15, ] 1,3 5,2 1,9 4, 84 4, 82 4, 39
18 27.11,63 11, 35 11,36 17, 6 21, , 15. 6 2‚6 6,Ι 3,2 4, 59 4, 69 3, 62
19 10,87 10,65 9,56 14, O 14, 5 12, 9 l‚7 1,{› 0,4 4,17 4, 44 3, 57
26 654 433 336 14, 7 13, 7 14 2 1,0 0‚3 6,3 4, 79 4, 76 4, 66
21 3,34 3,14 3,57 12, 5 15, 6 11, 9 (ΜΒ 2,4 1,0 4,.52 4,·28 3,97 ι
22 4,32 4,81 5,92 13, 5 15, 9 10, 9 1,ss 4,4 0,9 3,97 3,22 3,75
23 7,(13 773 862 16, 6 16 6 8, 4 ¹‚0 4‚8 6,7 3, 61 3, 64 3, 24
24 938 982 902 9 2 1⁶.) 9 41 1‚4 4,ss 1,‘2 3,67 2,]8, 2‚‘27
25 984 9,-81 985 16 2 15, 5 7. 5 ‘21 5,9 2,6 2, 93 2, 61 2, 42
26 9,64 9,55 9,87 12, 8 17, 5 10, 0 ὀ,6 4,5 ],6 2,81 3,65 3,16
27 9,64 9,(16 10,Ιὸ 11, 1 14, 8 7, (1 ?,4 4,8 1.5 3,01 2,70 2,.56
28 10,48 10,59 11,09 10, 4 17, 1 10, 4 ’⁷9 7,1 ⁶2,ss 2, 60 2, 08 2, 75
29 1684 10,49 989 9 7 12 4 11 3 Οὼ 1,1 6,5 3, 65 4, 64 4,12
30 965 798 7,13 11,0 19, 8 12, ,1 <MS 7‚1 1,5 3,'‘83 2, 86 3, 97
ἒ 27. 9,7829,46-1-121.,29567,3-1-170 τ11“,6Ι 10, 8¹ 4⁰. 7 Ι 7¹103m,77'3m,4613''‘‚55
Barom. max. le l vers un SO.1e'ger.
Barom. min. le 21 vers un SO. faib1e.

 

 

 

