XIX.

 

OCTOBRE 1862.

 

 

 

ἔ,

Ξ

Ξ..

Ξ 7¹¹- du mat.
1 28. 2,17

2 1, 49

3 271135

4 28. 053

5 2,11

6 .5,13

7 2,47

8 Ο,26

9 1,78

10 2,96

11 Ο,82

12 1,.’03

13 27. 10 80

14 10, 62
15 28 5,25

16 1,88

17 27.11,(14

18 458

19 5,60

20 5,33

‘21 1,9Ο
22 3,99

23 26. 11, 74

24 27. Ο,26

25 4, 73
26 6,48
27 5,]’7
28 3, 70
29 8 52
30 11, 90

31 28. 6,03

ξ 27. 9, 92

 

 

 

 

Βανονῑὲῒνε iz 0⁰

en pouces et liques Par.

 

 

Temperature exte'rz'eure

suivant Ze Therm. centiy

 

 

 

Diffe‘rence entre Ze Therm.

sec et mouille<

 

 

 

 

 

 

2'1- du soir 97¹ du soz'r 77¹· dum. 27¹· dus. 9ῘΙ· du s. 7Ῐ’· dum. 27² dus. ,971- du s. 7¹¹ dum.
28.1,61 )8.1,81 410⁰,7 ÷12⁰,7 ÷10⁰,3 0052 0⁰,3 0⁰,1 4,117
1,41 Ο,93 -1-12,0 15, 2 -1-10, 5 0, Ο 2,9 Ο,8 3,15
27, 9,72 27. 9,68 ÷13,4 14, 5 -1-11, 9 0 ,7 0,8 1),4 4, 5(
28. (196 28.1,4·2 -ι-15,() 1¹),O ÷5,4 (1,3 2,3 0,6 5‚5‘2
3,38 4,48 -1- 3,4 11, 7 -1- 3,0 1,(1 -1,6 1,0 2, 13
4,74 3414 4- off, 1‘2,0 ÷6,⁴ 06 4,3 1,1 1‚S7
οβο 1121 -1- 4,7 13, 2 4- 8,(1 (1, 4 4,5 Ο,8 2, 62
Ο,16 0,Ῑὸ -4- 3,6 13, 9 -ι- 7,8 (1,2 5,6 1,1 2, 52
1,77 230 4- 2,3 14 0 ÷ 9,5 0, 5 5,5 ·2,3 ι), (34
2,5.’3 1,Ο7 -1- 3,3 16 A -ι- 8,(1 0, 2 4,8 0,3 2, 47
1,(17 1,43 -1- 4,7 16,2 -ι- 5,2 O, O 5,5 0,3 2, 80
0,25 27.,1189 0,Ο 7,7 -1- 3,0 0,2 3,] 1,2 1, 95
97. ,1,43 9,18 4- 3,‘2 4,1) - ms 1,5 1.S 11,0 1, 89
28. 0,55 28. 262 — 0,6 3,2 — 3,3 0,2 ‘2,5 0,7 1, 87
5,57 ‘¹,9ss - 1,7 3,ι 3, 0,9 0,1 ΞΑ 0,9 1,7ss
057 0,Οὸ -1- 5,4 9,7 -1- 7,0 1,4 2,7 0,0 2, 30
27.10,00 27. 8,63 ÷ 8,2 10,2 ÷ 6,.5 Ο,2 0,9 0,8 2, 45
4,49 5,4(1 -i- 8,9 7,5 -1- 5,7 0,4 0,5 Ο,8 3, 51
4,94 5,28 -1- 5,3 S,7 ÷4,:3 0.5 0,7 00 2,οθ
3:21 133 ÷ 1,0 8,6 4- 5.9 0,0 1,8 O, 0 2,18
1,99 234 ÷ 3,4 8,1 4- 6,7 O,5 2,2 1,“2 2, 35
456 296 ÷ 4,0 9,4 -1- ῑ),4 Ο,Ο 1,9 11 ,4 2, 68
11,6Ο 1,(19 -1- 7,9 8,7 -1- 4,9 0,), 2,Ο 11,5 3, 28
298 4,(11 4- 4,5 5,7 ÷ 5,(1 UA) l,O 1,0 2, 77
5,19 7,03 4- ·ε-,7 5,9 ÷ 0,3 0,1 0,5 0‚2 2, 95
446 :221 4- 5,3 ]0,3 4- 9,7 Of.) 0,ss 0‚9 2, 83
490 3,97 ÷ 7,7 9,5 ÷ 7,0 0,4 ΞΑ 0,6 2, 23
5⁷05 1209 ÷ 7,5 9,1 4- 7,4 0,3 2,1 1,4 3, 24
9,77 10, 0 ÷ 5,7 7,.9 4- 4,9 0‚5 1,0 0, 5 2, 57
28. 227 28. 4,Ο8 - 2,3 4,1 -— 2,0 0,Ο 0,9 (1.0 1, 72
6,54 6,60 —— 4,7 4,4 —— 1,5 0,4 2,7 0, 5 1, 31 1,
27. 9,.8912710,021-1- 40,8 -1-90,6-1- 5⁰,3' 0Ο 4‘20011097'2‘0

Barom. max. le 30 vers un NE.faib1e.

Barom. min. le 23 vers un S. l6ger.

25

 

 

7”3’2 ,'''73'2 ,69

ῚὶὒῐῦῑῦἰύωιὺῐὺῑΰΜῐῦῐθωωωΜᾺι-ΔΗμ-ΔΙῸΟόν-Μωῐθῑῦωρωνρ“

,’ 58
, 85
, 84
, ‘29
, 04
, 44
, 45
, (16
, 38

21

, 68
, 95
, 88
, 46
, 60
, 54
, 57
, 14
, 32
, 78
, 47
, 88
, 91
, ,54
, 81
, 75
, 65
, 71
, 98

,28

55

Tensz'on de Ia vapeur d'eau

dans lairen liques Ρα1.

27¹· dus. '9¹⁶- dus.

,¹ 01
, 69
, 28
, 66
‚ 06
, 62
‚ 10
, 13
, 69
‚ 35
, 76
, 98
, 92
, 34
, ’78
, ‘27
, 78
, 64
, 73
‚ 04
, 65
, 76
, 62
, 41
, 99
, 45
‚ 98
, 68
,52
1, 75
1, 63

ΜίθῐῦωῌΝ)ΝΜΙῦΟ-’σῦῦΜΙΟΟὖΗ-Ημωῢῧῑῦῡῦωίὗῐῦῑῦιβωνρ,

 

 

’,ᾖ-,ἵε

