Tableau Nm 65.

(Troisieme groupe)

ξ

 

809099091ὲρῳὲθὲ

3333333333333533363553

 

 

Heme

ὀὴ 23111

 

30⁸

26 45

5 33
35
5 43
45
5 54
58
6 29
32
6 55
58
7 20
23
7 44
47
8 11
14
8 27
30
9
9

18
21

41
44

10 7
10

10 31
34

11 9
13

57
59

0
3

μ
μ

39
42
Ο
4

38
41
59
3
30
33
Ο
3

31
33

0
3

17
21

33
36

44
47

6 52
55

659
72

7 5
9

Φ Οἱ Φ Οἵ 0¹ U* *brt—00 Q: ω Ν) NJ

15
45

0
45

0
0

4ο

15}

30
30

45,

0

O}
45}
30¹¹
452
30¹

15
30

45
30

0
15
30

O

45
15

30
45
15

Ο

0
0

15
0

30
15

30
45

15
15

30
30

15
45

3Οῇ
0]
45

15

302
15¹
0¹

15

15
15

45
15

45
0

30 ¹
Γ

 

Vs = -ι- 95⁰ 29‘ 9*

G

 

 

 

2=÷28⁰9¹
AG V
÷4w ÷33
mwssffi
2 12,5 ᾗῇ fi}
255 33
2 15 , ἐξ 43
24 Σ33
2 175 g} ἢ
26 33
26 33
2 „20 66¹) 58
2 30 {ss δέ
2 125 {g δὲ
2 475 {1} ἐ
16 33
225 33
225 33
2 5 34 56
84 31

25 33
2 10 ἔὲ ῗὲ
2 175 ἓξ 33
2 15 64 10
63 26

25 33
265 33
2 15 ἐξ 43
23 33
265 33
2 225 ἐξ 33
2 35 34 16
33 36

24 33
2 375 3} 3}
1 55 38 3322

 

 

XCI

Rome Ze 27 juillet 1862.

 

 

 

 

us = 67⁰ 20‘ 9’
Moyennes
Hem-e u p
5²¹ 25⁰1 7⁸,5 5ο 43¹ 06739
5 34 30 7 175 016664
5 44 225 3 565 01652]
5 56 0 11 15 06511
6 31 75 17 165 06423
6 56 525 22 1 06372
7 22 75 26 40 06273
7 45 30 31 1 06195
8 13 75 36 3 06153
6 29 75 33 3466- 06153
9 19 525 43 8 05847
9 43 75 52 1ο 06669
10 3375 56 175 06842
10 32 45 59 50 06878
11 1130 64 235 06832
11 53 37¹5 67 12 0,569O
2 1375 56 345 06921
2 40 30 50 135 Ο,5942
3 2 75 46 23 06963
3 39 525 39 36 06979
4 1375 35 39 06005
4 3145 30 15 06091
5 2 0 24 30'5 06210
5 32 30 13 46 06235
6 145 13 30 06298
5 19 30 10 22 06315
6 34 525 7 36 06356
6 45 375 5 46 06362
6 53 45 4 175 06495
7 1 0 3 10 06615
7 7 225 2 10556. 06717

 

 

 

 

