XIII.

JUILLET 1862.

 

 

 

 

 

:ooo-qmwss—wmv- ξ’ὅζῑθΛῖηριηοῙ

10
11
12
13
14
15
16
17
18
19
20
21
22
23
'24
25
26
27
28
29
30
31

ξῇοῃῑ

 

 

 

Βανοιηὲίν e ὰ O

en pouces et liques Par.

71¹· du mat.

 

2¹1-du soir

 

 

[Temperature exte‘rieur e

suivant le ΓΙ erm centz'y.

91¹· du soi7 71- du m.

 

2¹¹· dus.

 

 

 

 

dans lfflazr en liqnes Par.

 

 

2¹¹· dus.

 

D fference entre le T herm Ttensioz de la vapeur d'eau
sec. et mouille'.
91² clus.71¹·d.m.2l·-dus..911-dus.71¹·dum.9¹² dus.

 

 

27. 6,09 27 6,2Ο 27. 6,64

6,29
5,47
5,97
5,79
8,71
8,89
4,Ο9
6,.59
8,49
6,48
7,82
6,65
8,44
S,83
9,13
8,67
11,44
28. O,44
27. 7‚33
3,6)
7,.35
9,'3)
lO,37
1014
7,77
28. Ο,82
27,11,21
28. 0,03

27.10,81 ,

10, 64

27. 83Θὶ27. Sam'm. 8ὦ9Ιῑ-ῤ, 3⁰,

Barom. max, le 18 vers uu No. tr'es faible.

ΙΙλ Barom. min. lo 21 vers un V. leffger.

6,87 7,3Ι
5,43 5,10
6,25 6,17
7,00 '7,54
8,66 8,66
8,12 6,45
4,59 5,27
8,18 8,91
7,66 7,18
7,OE 7,54
7, 52 7,16
6,90 7,40
8,89 9,30
8,75 868
9,27 9,25
9,Ο6 9,78
28. 0,55 28 0,85
Ο,13 2711,Οό
27 6,18 ’7,27
3,88 5,39
7,8-1 8,23
9, 73 9,ὃὸ
10,8Ο 11, 29
7,66 6,88
9,88 11,57
28. Ο,36 28. Ο,16
27.11,17 27. 11, 52
11,57 10 30
10,66 10, 49
10,99 11, 73

-1-120, 0 4-140, 7 4-100,1)
12,
9,
13,..
12,
13,
14,
1),
ιι,
13,
12,
15,
12,
16,
15,
15,
12,
14,
16,
ιι,
79,
1‘2,
12,
12,(
11,
14,
13,

15,
1⁶2

13,
12

0
8

9
1

7
2
7
4
7
7
2
2
3
9
2
7
1
7
1

7
O
3
Ο
3
7
7
1

9
1

3

 

 

17, 3
15, 4
13, 4
17, O
21, 5
14,9
13,
13,
19,
19,
18,
17,

fflfflOQOOEQQOqoev·

’ἢῑ-*ῡ-Ηῌιψι-ιμ-ιμ-ικ,
θφψφφῡωωω*
1>

* vd
q

μὶν-ιη)...-
(1240ch

‘20 ,

QOEUss—qfqurebhq

.-1
[Φ

——————÷—————-———2,÷l70311

 

1⁰,5 20, 3 00,8

12,9 1,‘2 1,ss 1‚9
9,0 0,3 2,9 o,7
10, 2‚1 με 0,4
11, 7 1,4 4,9 9,ο
14,7 3,4 ss,0 2,=2
11, 3 1,6 3,0 0,2
12, ¹2 0,0 ⁴),8 0,0
12,5 0,1 0,6 9,3
13,s 1,0 4,o 1,ss
13‚7 0,2 3,5 1,o
¹2,4 1‚5 3,] 0,·2
15‚1 0,5 1,2 1,6
14‚5 2,ss 7‚5 2,4
13,4 1,9 4‚1 0,7
15,4 1,8 5,ss 0,9
1‘2,3 0,4 0,9 O‚4
13,7 1,7 6‚0 1,o
13,9 1,4 1,5 ιμ’)
ιΞ-,ὃ 0,7 1,5 9,5
11,1 0,7 1,·2 0,3
1o,4 2,3 5,0 o,7
10,7 1,6 4,5 1,1
ιο,ι7 1,1 1,3 1,6
13,‘2 0,8 1,2 9,5
ι4,7 1,ss 4,1 >,0
10‚9 2‚3 6‚2 o‚9
13,] ι,4 6,2 -2‚5
11‚7 1,5 5,7 2,3
12,3 1,9 6‚6 9, 6
9‚8 1‚1 υ,7 o ι)
εοΑΙ 10, 3¹3⁰,3 1⁰,2

 

 

:w
, 88
, 78
, 72
,79
,16
, 28
, 74
, 31
, 48
, 63
, 66
, 32
, 37
, 64
, 47
, 52
7 'O
22-
, 90
, 35
, 31
5 74
,93
, 90
, -44
, 78
, 68
97
,80
, 85

Ξωωῗοαὸωὴ-ωωωωῆ-οευιιμ-μμμμιε-μαὸκ-ιήῑῖνὲιῶωῡεωῡὲωῢῡ

415141613'2'95

 

 

4'2'05 3‘2'57
3,41 3,74
3,91 2,38
3,94 4,01
3,-27 3‚38
5,06 4,09
3,71 4,23
4,5s. 4,60
4,74 4,52
4,68 4,ιτἸ
4,74 4,48
4‚80 4,;·›5
5,71 4‚56
4,11 3,9‘.›
4,Οὲ 4,76
3,(79 5,08
4,84 4,40
3,57 4,48
5,ι79 4‚27
4,59 3,ss
4,67 4,1·2
3‚57 3‚7‘2
3,54 3,58
3,59 3,16
5,00 3‚79
4,29 4,)1
3,55 3,75
3,‘23 3,48
3,36 3,21
3,37 3,·21
4,35 3, 94

 

1¹

