¹XLIII

Tableau Nzo 28.

(Troisieme groupe) Rome le 5 novembre 1861.

V===2 -ι- 58017’33” 2=÷25⁰5ff u,-=32⁰19'33‘

 

 

 

 

 

 

 

 

 

 

 

 

 

 

 

 

 

Νιο Hem-e G AG 1 V Hem ΜΟΨΣΜΗ P

1. (ξ’ 53⁷”33 133⁰33'5 ÷÷20 125 133⁰ ἐξ 7”ι 0015* 3ο 41’,5 07785
2- ⁷ 3} 13 133 13¹5 2 75 33 ἐξ 7 19 75 6 415 07695
3. ⁷ ἐξ 33 133 335 1 575 33 ἐξ 7 44 15 10 395 0,ΊὸΟὸ
4- 8 333 133 53 2 45 33 33 8 3 375 13 355 07546
5. ξ 53 43 133 38 2 20 3} 33 9 0 225 21 25 0,Τὸὂῖ
6. 9 ἐξ 13 13} 33 2 15 38 33 9 25 375 24 205 07597
7. 13 53 33 133 43 2 20 33 33 10 0 45 27 445 07623
8. ¹0 ἐξ 13 133 335 2 225 33 ἓξ 10 42 375 30 42 017 610
9. Π 33 43 133 ἐξ 2 0 33 ξ 11 21 225 32 7 Off 606
10. 33 53 33 1333313 2 15 33 13 11 57 15 32 13 03623
11. 12 ἓξ 3 1335315 2 12,5 33 33 12 45 0 30 29 07660
12. 1 ἐξ 3 1335315 2 125 33 33 1 19 30 28 4 O,7644
13. 1 33 13 133 ²3 2 15 33 43 1 52 375 24 53 07699
14- 233 3 13 2 2 3 227 15 20 52 omo
15. ξ 53 33 133 33¹5 2 125 33 33 3 0 45 1ss 22 0'7793
16. 3 ἓξ 13 133 335 2 75 33 δὲ 3 24 75 12 51 07834
17. 3 ἐξ 3 133 3315 2 25 33 ἐξ 3 42 30 ὶ 10 6 07826

 

