XXX

N:o V. Rome Ze 21 novembre 1861.

Valeurs observe'es 'Deyrdsdepolarisation Valeurs cle contrdle

Ν1 N2iNsl

 

   

G

 

 

 

 

. ¹s2N1÷N2¹s2Na÷N³ Ilffoyss

 

 

 

 

 

 

 

 

 

 

 

 

 

 

 

 

 

 

 

 

-400 0¹ —63034' -1190 4’ -1-610 2 -1- 116058 550 30¹ 55⁰ 56¹ 55⁰ 43¹ 88⁰ 41¹ 89⁰ 0¹ ι 88050’,5
-50 0 72 46 110 32 70 16 107 28 37 46 37 12 37529 88 21 88 52 88 36 ,5
-1-40 0 62 22 119 261 60 8 117 38 57 4 57 30 Ι 57 17 89 6 88 53 88 59 ,5
-1-50 0 72 56 109 48 Ι 69 46 108 10 36 52 ι 38 24 37 38 88 38 88 58 88 48
- ἕ 1 ι Ι 1
N:o VI. Rome le 29 novembre 1861.
G Valeurs observe'es 'Deyrdsdepolarz‘sation Valeurs de contrtile
N¹ 11⁷2 ι Ν3 Ν4 N,-N2 &Q 77173οΆ ¹l2N1÷N2 ¹s2N4÷N³ ffloy.

 

 

 

 

 

 

 

 

 

 

4-40ο 0¹ -60ο 0 -117ο 4046203614-120012 57ο 4‘ 57035' 5702ον 88ο 32 88ο 36 1880341
-40 0 61 8 11612 63 24 119 44 55 4 56 20 55 42 88 40 88 26 88 33
-30 0 53 10 12412 55 52 127 20 71 2 71 28 71 15 88 41 88 24 88 3215
4-40 0 51 54 12512 54 32 128 24 73 18 73 52 73 35 88 33 88 32 88 32 ,5
445 0 63 48 112 52 66 34 115 24 49 4 48 50 48 57 88 20 89 1 88 40,5
-45 0 65 28 11130 67 48 115 8 46 2 47 20 46 41 88 29 88 32 88 30,5
-55 0 73 58 103 34 76 26 105 56 29 36 29 30 29 33 88 46 88 49 88 47 ,5
4-55 0 73 22 10344 76 0 106 46 30 22 30 46 30 34 88 33 88 37 88 35

 

 

 

 

 

 

 

 

 

 

l l

 

 

 

 

 

 

 

 

 

 

 

N:o VII. Q = -ι- 2⁰37' Rome Ze 22 maz· 1862.
G Valezws observdes Deffl·e¹s depolarz'sation Valeurs de contr-dle
—231— Μ ,ἕρ-’,Μ λε -N2 MN³ 4105- 725⁷, ÷2v2 72 14411 ΑΞ
-Ι- 400 θ’ -58036’ -115032’ -Ι-63052’ -Ι- 121052’ 56056’ 580 0⁴ 57⁰ 28' 870 4’ 870 8’ 870 6’
——- 40 0 59 34 114 30 64 40 120 36 54 56 55 56 55 26 87 2 87 22 87 12
—50 0 68 32 105 18 74 20 111 26 36 46 37 6 36 56 86 56 87 7 87 1
-Ι- 50 0 67 30 106 20 73 Ο 112 52 38 50 39 52 39 21 86 55 87 4 86 59 ,5
-Ι- 35 0 53 40 120 12 59 38 126 26 66 32 66 48 66 40 86 56 86 58 86 57
- 35 0 55 20 118 44 61 30 125 2 ’ 63 24 63 32 63 28 87 2 86 44 86 53
- 45 0 64 2 109 20 70 24 115 56 45 18 45 32 45 25 86 41 86 50 86 45 ,5
-1-45 0 62 O 111 34 67 54 118 6 49 34 50 12 49 53 86 47 87 O , 86 53 ,5
-Ι- 55 0 71 34 102 38 77 38 108 54 31 4 31 16 31 10 87 6 86 44 86 55
- 55 0 72 38 101 20 78 50 107 22 28 42 28 32 28 37 86 59 86 54 86 56 ,5

 

 

 

 

 

 

 

 

 

 

 

 

 

