XV.

AOfiT 1862.

        

 

Baromktre ᾰ 0⁰

Tempe'rature exte‘rieure Diffe‘rence entre Ze Therm.

sec et mouille

Tension de la vapeur d'eau

en pouces et liqnes Par. suivant Ze Therm. centiy dans l’air cn lignes Par.

'MOW Hp Sans

 

 

 

77¹· du mat. 2Ῐ’ du soir 97¹· du σοῖν 7¹⁵· dum. 27²- du s.

 

 

711-‹1.5m}211‹155.{9112.dus 91· 115⁵ 71²dum.

 

 

 

2¹¹· εἶαε.191·· dus.

 

 

1 28. 003 27.,1159 27,10,77 41220 Ἷι142,0 41195 12,2 1⁰,O 00,2 3'',' 85 4¹¹, 57 4‘1 29
2 27.11,45 11,10 1058 12, 7 17, 0 13, 3 0,7 2,3 0,3 4, 35 4, 77 4, 76
3 9,16 8,45 8,78 14, 7 20,7 12,1 0,6 5,0 0‚1 5,03 4,39 4,51
4 1044 11,51 28. 037 12, 15, 7 11, 0,8 3,5 0,8 4,20 3,66 4,01
5 28,1,04 28. 0,91 0‚77 10, 8 20, 3 11, 7 1,1 6,6 0,9 3, 60 3, 27 3, 96
6 0,87 038 018 12,7 21, 6 14,8 1,0 5,7 3,6 4,18 4,26 3,34
7 271028 27.1,011 27. 082 141 19, 6 13, 2 0,8 5,4 0,9 4, 71 3, 76 4, 39
8 984 8,07 7,96 13, 1 18, 2 15, 2 0,8 1,2 0,5 4,41 5,90 5,26
9 7,53 7,59 7,71 14,1 20, 6 12, 8 0,9 4,3 0,5 4,66 4,82 4,.50
10 8,15 8,20 7,97 13, 8 20, 7 14, 6 0,8 5,3 2,6 4,63 4,22 3,85
11 7,79 844 8,41 13,1 18, 4 12, 0 0,3 4,8 1,7 4,70 3,75 3,61
12 9,90 10,77 11,19 11,0 19, 2 9, 7 2,,5 6,5 1,4 2, 94 3, 00 3,19
13 28. 0,00 28. 0,15 28 019 9,6 161 10, 7 1,4 5,4 1,5 3,16 2, 71 3, 38
14 0,57 0,98 1,58 10,2 18, 4 10, 7 0,9 5,2 1,4 3,57 3,47 3,43
15 1,97 160 1,09 9,3 20, 6 13, 3 0,4 5,5 1,1 3,48 4,(13 4,30
16 27.,1193 271029 2710,50 14,4 231 14, 7 0,4 5,6 0,1 4, 88 4, 90 ,3, 32
17 11,15 11,61 11,81 13,2 15, 8 9, 3 0,5 5,7 1,1 4,47 2,47 3‚24
18 11, 72 11,13 1081 10,6 20, 6 10, 8 0,9 5,2 1,1 3, 67 4, 23 3, 61
19 10‚72 10,51 10,32 13,2 21, 0 15,3 1,1 5,0 0,6 4, 27 4, 49 5, 23
20 1063 , 10,87 28. 018 13,9 22, 9 15.2 1,0 5,7 1,0 4, 54 4, 76 4, 95
21 28. 209 28, 2,15 1,97 15,1 21, 8 14,2 1,3 4,1 1,0 4, 74 5, 38 4, 63
22 1,5.3 082 016 12,6 21, 9 16,2 0,2 4,2 0,5 4, 61 5, 37 5, 61
23 27.,1111 271,049 27.,1054 15,6 24,1 18,5 0,4 3,9 1,2 5, 45 6, 52 5, 28
24 1173 28 005 28 010 12,2 20, 4 10,7 2,4 7,4 1,0 3, 29 2, 85 3, 64
25 11,74 034 072 97 15, 2 6,7 0,6 3,7 0,0 3,60 3,39 3‚21
26 28. 0,63 27.11,91 2711,61 8 0 17, 8 7,4 0,7 5,5 0,9 3,15 3,15 2, 92
27 ,1,026 055 9,93 9,4 15, 2 10,0 1,4 4,5 0,7 3,12 2,96 3,62
28 711,77 28. 090 ,,162 9,1 15, 3 5,5 1,5 5,3 0,3 3,01 2,56 2,82
29 28. 229 2,13 1,96 6 9 18, 7 10,5 0,6 7,0 1,5 2, 95 2, 55 3, 33
30 1,31 1,14 1,05 73 14, 2 9,9 0,6 3,8 0,2 3,05 3,06 3,86
31 1,80 2,69 3,60 7 9 13, 0 6,9 0,4 1,5 0,0 3,27 3,98 3,25
,ξ 2711 ,(17127113,8197.4311-1121141898 uvas! 02,91 42. 71 02, ,9719213”’,9913 3¹¹ ‚98

 

 

Barom. max. le 31 vers 1111 E. insensible.

Barom. min. le 9 vers un NE. insensible.

 

