74 R. RUBENSON‚

Observationes de la position du point maoeimmn
mammes ὰ Upsal en 1859.

 

d Ι G d¹ cl2 Θ, D M oy.

Sdrie

 

 

f 690 50 400,05
74 7 42 ,37
, 88 37 46 ,45 . ,
5 83 6 45 ,77 740 7’ 1050 55’ 420,37 900 1’
77 39 43 ,95 70 29 109 55 40,4 90 12
7 13 109 55 40 ,4 83 6 97 35 45 ,77 90 20,5 ⁹⁰⁰²&

104 36 43,02 87 34 95 2 46,32 91 18

89 18 47 ,25

95 2 46 ,32

99 459 45 ,3

700 70 400,3
74 53,5¹ 42 ,62
89 48 47 ,02
84 34 45 ,7 700 320 1100 5¹ 400,32 900 1835
14 79 26 4472 74 53,5 105 38 42 ,62 90 16 90023,

110 5 ’ 40,32 84 34 96 49 45,7 90 41,5
104 54 43 ,0 81 0 99 30,5 45 ,02 90 15
ΞΞ ἐξ) Ξὲῑὲἔ
99 30,5 45 ,02

700 23’ ¹ 400‚15 ἵ
75 31 42 ,32
90 40 45 ,97
85 42 1 45 ,27
ζ’ 80 46 44,55 700 23! 109⁰ 3! 400?15 890 43'
{a 15 109 55 39‚67 75 0 105 30 42,1 90 15 890950
2 105 30 42,1 80 46 95 47 44 ,55 88 16,5
Ι 90 37 45 ,32

 

107¹ 5 5⁷¹¹ matin.

 

6 juin
-s—

 

95 47 44 ,55
100 47 43 ,67

700 45’ 410,5
76 13 44 ,5
91 50 47 727
87 17 ’ 47,75
ω 82 39 47 ,07 700 45¹ 108011’ 410,5 890 28’ ΒΨΜ
,ω 1ss 110 47 40 ,0 72 42 106 20 42 ,57 89 31 ⁵ ¹
106 20 42 ,57

91 45 47 ,52
97 9 46 ,55
102 34 44,2

 

 

 

 

 

 

 

 

 

 

 

 

3²² 5⁹⁷³

