xxxu

N:o XII. Q=÷2⁰3T Rome Ze 4 juillet 1862

 

Valeurs observdes Deyrds depolarisation Valeurs de contr6le
M ι Νι» Ι Na Na M ’N2 ‘22:AE
-Ι- 40⁰ θ’ -59026’,1-11602Ο’ -1-63014’ -Ι- 1210 2’ 560 54’ 570 48’ ³ 57⁰ 21¹ 87⁰ 53¹ 87⁰ 52⁴ 87052’,5
—- 40 0 59 42 115 20 63 50 120 22 55 38 56 32 56 5 87 31 87 54 87 42 ‘5
—50 0 68 48 106 44 73 0 111 20 37 56 38 20 38 S 87 46 87 50 87 48
-Ι- 50 0 68 8 107 4 72 18 112 8 38 56 39 50 39 23 87 36 87 47 87 41 ,5
-Ι- 35 θ 54 56 120 56 59 12 125 26 66 O 66 14 66 7 87 56 87 41 87 48 ,5
-35 0 55 44 119 44 59 56 124 8 64 O 64 12 64 6 87 44 87 58 87 51

—45 0 64 30 111 O 68 48 116 2 46 30 47 14 46 52 87 45 87 35 87 40
-1-45 0 63 541 1121θὶ 67 54 11624 48 16 48 30 ζ 48 23 88 2 87 51 ι87 56,5

 

 

 

Moy. ¹J2N1 ÷N2 ¹s2N4÷N³'*—W‘.'.3s-'

 

 

 

 

 

 

 

 

 

 

 

 

 

 

 

 

 

 

 

N:o XIII. (ἓξ-17705 Rome Ze 14 juillet 1862.

 

   

Valears observe'es Degyo-e‘s depolarz'sation Valeurs de contr-dle

N, N2 N³ Μ Ν,-Ν2 Ξ-Ξ, Moy.— Ἀκμὴ ‘ammas Moy.-

——-—-

 

 

 

 

 

 

 

 

 

 

 

 

-Ι- 400 0¹ —58040¹ —116022¹ -1-63024‘ ÷121⁰ 4‘ 57⁰ 42¹ 57⁰ 40¹ 570 41¹ 870 31’ 87⁰ 46¹ 8703825
-- 4οζ 0 59 4 115 58 64 16 120 34 56 54 56 18 56 36 87 31 87 35 87 33
—50 0 68 O 106 48 72 42 111 54 38 48 339 12 39 ⁴) 87 24 87 42 87 33
-Ι-50 0 67 54 107 10 73 0 111 26 39 16 338 26 38 51 87 32 87 47 87 39,5

 

-1-35 0 5434
-35 0 ’ 55 41
-45 ⁰ ” 63 56 111 4 68 56 116 28 47 8 47 32 47 21) 87 30 87 18 ,87 24

-1-45 0 63 321 11116 68 52 116 6 47 44 47 14 47 29 87 24 87 31 87 27 ⁴5

12038 59 32 125 4¹¹ 66 4 65 32 65 48 87 36 87 42 87 39
119 52 60 24 124 50 64 48 64 26 64 37 87 28 87 23 87 25 ,5

 

 

 

 

 

 

 

 

 

 

 

 

