XXI.
NOVEMBRE 1862.

     

 

 

 

 

 

 

 

 

 

 

 

 

 

 

 

 

 

 

 

 

  
 

 

 

 

 

 

 

 

1 Barom. min. le lo vers un S. lffger.

 

 

 

 

 

 

ξ Βανοιηὲίνε ὰ O T empe‘rature exedrt'eure Dgffe'rence entre le leerm. Tensiorz de Za vapeur d’eau
ἓ, en pouces et liques Par. suivant Ie Therm. centt'q. sec. et mouille: dans l'az'r en liques Par.
ξ 7¹1· du mat. 27¹- dzcsoir 9¹²- du soi7 71¹-dum,2l·-dus.911-dus. 71²- d. m. 2'1·du s. 9¹¹- dus. 7h-dum. 2¹²·du s. ,91Ι dus.
1 28. 533 26. msa 28. 4‚43 4 226 4 429 4 5Ο 5 10, 3 00 7 (ιο, 1 1”; 87 2’, 52 2”,’ 77
2 4,03 4,42 486 45,7 45,4 4-,47 0,2 o, 7 0,7 2,91 2,61 2,49
3 5‚18 5,63 594 44,7 44,9 44,8 0,1) 0, 5 0,3 2,”)7 2‚61 2,5ο
4 605 ι’),δι 579 4.3,2 47, 5 44,4 0,5 3,4 0,9 2-,31 ι 76 2,34
5 5‚S3 6,20 6,67 0,0 46,7 41,1 0,3 1,4 ο,6 1,91 2 52 1,93
6 7‚·28 7,42 7,.59 0,1) 43, 7 43,2 0,0 ι,2 1,0 2,Οὸ 2,Ο7 ‘2209
7 215 6,90 6,.59 42,9 42,4 4ι,4 0,7 0,5 0,4 Qus 2‚18 2,07
8 555 4,27 203 40,5· 41,3 4ο,5 0,3 1,4 0,3 2,(»2 ι,71 1,79
0 27.ι1,80 2710,οὃ 27. 337 4 3,] 4 4,0 4 4‚4 0,] ι, 0 0, 6 2, 47 2, 23 2, 48
10 7,32 7,56 7,37 45,8 46,9 46,1 0,6 0,2 0,3 2,94 3 16 2,94
11 8‚73 10,65 1136 46,7 47,7 46,2 0,3 0,6 0,5 3,Οὸ 3,13 2,37
12 23070 23136 28.2,.);3 45,145,1 44,6 0,4 0,4 0,1 ’2,69 2,69 2,74
13 3,51 4‚11 4,09 ÷5‚4 46,2 44,5 0,) 0,4 0,1 2,85 2 (Η 2,72
14 3‚34 291 3,00 43,3 44,3 43,7 0,1 0,3 0,1) 2,59 -2,60 2,62
15 273 277 237 42,7 42,2 41,7 0,5 0,6 0,6 2,Ξὸ 2,11 2,03
16 263 2,57 263 ÷0,4 -0,3 -0,5 0,7 0,2 ο,8 1⁷51 1,91 1,65
17 3,23 4,·24 535 0,0 41,0 40,7 0,6 0,4 0,5 1,8Ο 2,ο1 1,92
18 6,35 6,97 7,(53 -0,5 41,5 -1,3 0,0 0,6 0,2 1,96 1,99 1,77
19 7,93 7,66 7,10 40,141,ι 40,-2 0,1 1,1 0,5 2,03 2,00 1,85
20 6,70 6,54 5,25 0,1) — 0,8 0,0 O, 0 O, 5 0, 0 2, 03 1, 71 2,ο3
21 4,24 332 2,,57 -2,6 -1,1 0,0 0,0 ο,4 0,3 1,69 1,7·.) ι,9ι
22 096 0,41 0,72 -0,7 40,4 -ι,5 0,2 0,2 0,1) 1,86 2,01 1,83
23 (1,7ss 0,56 ο,45 -0,3 0,1) -0,2 0,4 0‚8 0,5 1‚85 1‚70 1‚80
24 0,46 1‚85 234 0,0 4 0,4 4 0,4 0,1) 0,2 0,2 2,(»3 2,(11 2‚0¹
25 263 2,37 237 40,1 40,5 ÷0,4 0,1 0,1 0,1 2,Οο 2,06 2,ο4
26 1,96 1,41 Ο,64 40,8 40,2 41,4 0,1 0,1 0,5 2,10 2,01 2,ο3
27 27.11,6ι 27.11,72 ο,53 4 0,7 4 0,9 41,2 0,3 0,2 0,5 1,99 2,08 2,00
28 28.1,31 28. 3,οο 399 4 2,2 4 3,0 4 0,3 0,2 0,2 0,1 2,·28 ‘2‚41 2,(»3
29 4,49 54³5 5,64 4 0,2 4Ο,7 4 ο,5 0,2 0,3 0,1 1,93 2,01 2,06
30 629 6,72 6,37 40,4 40,7 —5‚3 0,2 0,7 0‚0 2,01 1,84 ι,39
*aa s l

,Ξ 28. afflztzs. 321228. 3‚44'÷ 10,s]÷ 2⁰3 4 1281 0⁰,3 00‚6 4 0⁰‚4 ἕζεο 2 ,21 2” ,16

Barom. max. le 19 vers un N. faible.

 

    

 

