XV.

AOfiT 1861.

   

   

 

  

 

 

 

 

 

 

 

 

 

 

 

 

 

 

 

 

 

 

 

 

 

 

 

. ’Ἴ
{⁴ Βαιόηιὲίνε ὰ 0⁰ T cmpe‘rature esech-ieme Dgff'e'rence entre le leerm. Tensz'on dela vapeur d‘eau
{³- επ pouces et lz'ynes Par. suivant le T herm centiy. sec et mouille' dans [air en lignes Par.

ξ 7¹¹- du mat. 211·du sozr 97¹· du sair-71² du m ¹21¹-da s. ,91ι du s. 77¹· dum. 2¹² du S. ,91’ du s. 7Ῐ dum. 21Ι du s 1θῆ du s.
1 271046 271053 27. 11, 42 4150,1 42103 414142 1⁰,6 60‚0 1⁰,8 4”, 66 3”,’ 98 4”,’ 17
”2 78 026 98. O,4O 98. 0,58 15,4 90, 8 14 3 1,1 5,0 1,6 4, 95 4, 42 4, 32
3 (185 030 97.11,69 171 94, 7 18,0 2,Ο 7,5 9,6 4,98 4,29 4,93
4 27.,1191 97.,1061 10,54 15, 0 19, 4 14, 2 O,8 ⁶2,2 1,0 5, 00 5, 79 4, 63
5 10,43 10,48 1118? 16 ι ’22 ,5 16, S 1,4 4,9 1,8 5, 22 5,14 5, OO
6 10,15 7,91 7,49 18, 9 15, 9 13, 9 1,5 Ο,2 1,9 5,9S 5‚69 4,03
7 7,64 8,4”2 8,92 13, 4 21, 3 14, 9 2,1 6,6 2,6 3, 78 3, 69 3, 93
8 5:90 8,05 6,49 15,4 21, 2 15 ,5 2,1 5,9 1,5 4,·36 4,Οὲ 4,75
9 4,18 3,86 3,96 151 16 14, 4 0,9 0,4 0,0 5,15 5, 85 5, 29
10 4,19 5,86 7,11 151 19, 8 15 0 (ηὸ 4,2 1,1 5,34 4,65 4,82
11 8,(10 7,97 7,117 13, 21, 2 12, 2 ‘277 7,3 2,3 3,59 3,18 3,35
19 8,85 9,89 9,89 13, (1 20, 9 151 0³3 6,ss 2,‘2 4,67 3,47 4‚40
13 9,15 8,55 732 17,0 25,0 17,1‚0 4,ss 0,0 5,57 6,29 6,22
14 5,70 6,53 7,19 14, 6 13, ‘2 13 O‚4 0,1 3,1 5,ss 4,84 3,13
15 7,18 7,48 7,Τῦ 191 16, 9 141 1,ῖ) 3,‘2 0,6 3,91 4,21 4,83
16 9,-18 1016 11,7·2 14, ‘2 23, ‘2 14,1 l,O 5,5 1,0 4,63 5,Οὲ 4,6Ο
17 98. 0,64 98. 0,36 98. 0,3Ο 16, 7 24, 4 15 9 1,2 5,4 1,6 5,4‘2 5,58 4,82
18 97.11,85 0,31 1,07 14, 9 19, 7 14,] ΟΪΖ 5,Ο 1,7 5, 24 4, 04 4, ‘20
19 281,14 0,28 27.,1128 136 23,2 15,0 1,‘2 6,9 1,7 4,34 4,10 4,47
20 .1,039 27.,1038 1047 15, 3 21,1 13 8 1‚1 6,4 1,6 4, 60 3, 66 4, 35
2171049 1Ο,13 10,(14 14 3 161 12⁷ 9 1,5 1,1 9,Ο 4, 38 5,19 3, 69
92 9,87 10,69 1129 12, 15, 2 10⁷ 5 0‚4 1,0 O,5 4,46 4,95 3,86
⁶22. 11,0·2 9,25 7,39 10,8 18, 5 10,6 Ο,7 4,7 (1,6 3,82 3,83 3,83
‘24 5,41 5,‘26 6,(16 10, 5 12,11 5 0,0 Ο,0 0,3 4,1·2 4, 75 4, 23
95 8,03 9,38 10,41 13, 3 16, 3 7 0 Ο,8 5,3 Ο,1) 4,47 9,85 3,27
26 114,5 11,66 11,96 S, 9 19, 2 S 4 0,3 6,7 0,0 3, 56 2, 87 3, 59
27 ’11ῗ 15 10,12 9’83 11, 5 16, 6 11 1 (1,6 2,8 0,2 4, 07 4, 33 4, ‘20
28 10, 50 10,31 1(1,36 8, 6 16, 2 8 6 Ο,6 4,9 Ο,1 3, 34 3, 03 3, 58
‘29 10,98 10,82 IO,67 9 ,4 20, 3 15 7 0,0 3,6 Ο,7 3, 83 5, 14 5, 30
30 9,6Ο 7,63 6,46 14, 6 17, 0 11, 8 0,4 9,5 0,3 5,11 4, 76 4, 31
31 556 5,71 6,41 9, 7 11,4 11,⁴2 0,3 11 1,2 3,75 3,77 3,67
ἒ 27. 9416127. 9352 9‚38¹÷l3⁰ 8¹÷190,1÷130,41⁰,¹0¹ 4⁰, l ¹1 1⁰ ,2 ¹ 4”’ 56¹4¹⁶ ⁴13¹ 4¹⁶ ,32

Barom. max. le 19 vers un O. saible.
Barom. min. le 9 vers un E. tffis faible.

 

 

