 

QUANTITfiS MOYENNES 1669.

 

 

 

 

 

 

 

 

 

 

 

 

 

 

 

 

 

     

 

 

 

 

 

 

 

 

 

 

M Barombtre ὰ 0⁰ Tensz'on cle la vapew· d'eau Humidz'te‘ Relative T empe‘rature de l'az'r

023. ————-·-—-—-——— —-
77¹· sla mat. 1 2Ῑ’· du κοῐν 1 9²5· clu soir 7¹¹-du m. 2¹¹·da s. 91¹· du s. 77¹·(lztm. 271, du s. 97⁸- du s. 77¹·dztm. 21¹·du s. ,9Ῐί du s. Moy,

.Ι-
Janvier -27''11''''‚ 67 97”10”’,96 96” 0””, 07 1” ,15 1”’,93 1”, 19 0, 95 0, 91 0, 93 - 6ο,3 - 696 - 6ο,6- 8⁰ ,ο
1966161- 96 1,31 961,37 96 0,66 1,0.3 1,37 1,19 0,95 0,90 0,95 -10,1-4,7-7,4-7,4
Mars ‘271¹‚71 ‘27¹1‚77 271¹‚81 1,11 1,601,97 0,94 0,69 0,9ο -6,6 -0,6-5,6-5,5
Avrn 9710,90 9710,96 971ο,99 1,94 1,99 9,11 0,66 0,65 0,63 Ἶ91,9 4-7,;3-1-2,1-1-3,9
Mai ‘280‚71 ‘28 0⁷99 ‘280‚51 9 ,96 9,66 9,96 0,76 0,46 0,74 ÷9‚5 ÷16‚5 †9‚6 ÷11‚3
Juin ‘27 9 ,78 2⁷ 9 ,56 27 9 ,46 3 ,77 3 ,46 3,55 0,76 0,54 0,60 Ἶι19,7 4-17, 3 ÷11‚6 4136
Juillet ‘27 8 ,38 27 8 ‚44 ‘27 8 ,59 4 ,15 4 ,16 3,95 0,64 0,65 0,64 4-13,9 Ἷ917, 3 ÷1‘2,4 413, 6
Αοῐιῑ 2711 ,17 2711,38 2711‚43 3 ,99 3 ,97 3,96 0,66 0,56 0,69 ÷11‚7 ÷18‚ 6 ÷11‚8 ÷13‚5
Septembre 281‚‘20 28 1⁷17 981,Ξὸ 3,96 3,31 3,.39 0,91 0,67 0,66 ÷7‚5 4-16 (14.3,6 ÷10‚9
‹mom-e 27 9,92 279‚89 2710‚02 9 ,73 9,73 9,69 0,94 0,69 0,89 4-4,61Ἳι9ἓ6ψ5,34-6,9
Novembre 283‚69 283‚4‘2 283244 9 ,16 9,91 9,16 0,97 0,69 0,93 41,6 -ι-974-1,649,ο
Ιδόιόηὼω 2711 ,72 9711,56 9711,57 1 53 1 71 ],6('› 0,94 (3'95 O.⁰3 -31 -25 -2‚9 -ρῖξ,
nunnae 197.11,70197.11,59197.11,671 9 4,919, 57 9,5,010 6910 7410, 891—÷—-———- 9, 7,)619761 9,6 ,
HAUTEUR MOYENNE BAROMfiTRIQUE CORRESPONDANTE AUx DlFFlsiRENTS VENTS 1862.

Mois. *1- N. 1 NE. 1 E. 1 SE. 1 s. 1 so. 1 O. 1 No.
,1666616 0''‘‚ 99 96” 1”’, 70 97“’ 10’“’, 90 96” 0'''‚ 66 97· 6”’, 65 97” 6’”, 19 96” 0'''‚ 27 97” 10”’, 96
666169 96 1‚30 96 0,70 9711,73 96 3,67 961,66 96 9,10 9710,37 96 0,(13
Mars 9711,59 9711,69 961,36 96 0,61 9710,65 9711,79 961,91961,41
Avril 96 0, 96 97 11 , 59 97 6, 49 97 9 , 67 97 11 , 69 97 10, 59 97 11 , 03 97 6, 90
Mai 96 0,53 961,96 96 1,96 9711,56 96 0,03 96 9,73 9710,64 96 1,75
Juin 97 9,95 9710,14 977,40 97 4,61979,919711,06 97 9,75 97 9,16
sufflet 97 7,91 97 6,77 97 7,03 97 6,91 97 6,.37 97 9,30 97 6,63 97 6,69
Aofit 9711,919711,66 96 1,.36 9710,49 9711,56 97 9,44 971ο,34 9710,89
Septembre 96 1 , 17 96 1 , 94 96 1 , 14 96 1 , 70 96 1 , 53 96 0 , 96 96 1 , 99 96 0 , 46
0616616 96 3,ο3 96 1,50 96 1,.36 97 6,99 97 6,46 97 6,11 97 7,37 96 0,50

, Novembre 96 4 , 90 96 3 , 44 96 4 , 05 96 0 , 69 97 10 ‚ 64 96 9 , 69 96 9 , 63 96 7 , 51
ῐ> De'eembre 96 1 ,60 96 4, 74 97 11 , 11 96 3, 19 97 5, 95 97 9 , 75 96 9, 04 97 8 , 88
κ ιἈιιιιόω 196.ιι,5,3,196. ο,7ο127.11,54127.11,35127.10,06127.ιι,94197.ιι,3 zalla

 

 

 

 

 

baw-

