IX.

 

 

 

 

 

 

 

 

 

 

 

 

 

 

 

 

 

 

 

 

 

 

  

MAI 1 8 6 l.
ξ Βανοηιὲῑνε ᾰ 0 Tempffrature ezterieure Dffe‘rence entre le T herm Tension dela vapeurdeau
ἓ. en pouces et liques Par. suivant Ie T herm ——c—entz'y. sec. et mouzlle'. dans Z'air en liques Par.
ξ 7¹1-du mat. 2l1. du soir 9¹1- du soir 77¹· dum. 2¹²· dus. 9¹¹· dus. 7——fi· d. m. 2l1. dus. 9¹¹· du] 71ι du m 21¹-du s. 9¹¹· dus.
1 27. 9,77 27. &07 27. 6,63 4· 4⁰, O ÷1l⁰,5 -ξ- 20, 7 10, 4 50, 6 00, 2 2 05 1 , 54 2, 36
2 5,71 6,59 8,61--Ο,9 3,8 1, 3 0,ss 1,3 0,0 1,68 2,06 2,.22
3 9‚38 6,95 9,33 ÷0‚7 1,1 1,7 Ο,Ο Ο,Ο Ο,Ο 2,13 2,19 2,29
4 11,59 28.0,10 28.1,62 ÷1,2 3,1 2,4 0,0 0‚O l,1 2,21 2,52 2,92
5 28. 1,47 Ο,62 O,45 ÷⁴2,6 9,4 4st 1,1 3,0 0,6 1,96 2,33 2,44
6 27.1Ο,75 27. 8,19 27. 6,62 η’- 4,6 9,5 3,8 1,8 3, 2 0,0 1, 97 2, 26 2,64
7 4,74 4‚01 3,80 0,0 0,5 0,9 0,0 0,0 Ο,Ο 2,03 2,10 2,16
8 2,26 2,Ο’ἲ 3,Οὸ ÷1,6 5,0 0,5 Ο,”2 1,9 Ο,7 2,19 2,Ο2 l‚83
9 5,68 7,27 829 ÷2,0 6,9 2,5 1,Ο 4,1 1,3 1,91 1,37 1,86
10 8,79 933 ΙΟ,34 ÷ 3,''8 9,2 4,2 1,ss 3,7 2,l 1,94 1,96 1,78
11 11,5Ο 11,87 28. 0,52 ÷ 5‚3 13‚5 6,7 1,5 Ο,6 2,7 2,24 1,76 1,95
12 28.2,02 28.2,46 2,67 ÷8,0 12‚0 6,2 2,2 5‚O l,2 2,42 1,90 2,54
13 2,48 2,17 1,27 ÷6,5 9,3 5,5 1,5 1,6 Ο,Ο 2,45 3‚00 2,96
14 27.11‚75 1520 2,23 ÷5,0 4,5 3,7 0,0 0,0 1,8 2,ὃὸ 2,77 1,83
15 28.4,28 3,62 2,2Ο ÷4‚4 10‚l 4,0 2,5 4,8 2,4 1,G3 1,61 1,61
16 27.11,18 27.]1,18 27.11,84 -ξ- 3,7 3 ,7 2,Ο Ο, 5 Ο, 5 1, Ο 2 , 40 2, 38 1, 91
17 11,8() 28. Ο,28 28. 0,Βὸ 4· 3,l 6,Ο 0,8 1,1 2, 5 1, 4 2, 03 1, 88 1 , 60
18 28.1,23 1,89 2,47 -Ι-1,8 6,8 1,3 1,3 4,9 3,0 l,75 l,08 1,0S
19 213 0,ssss 27.10,93 ÷‘2,8 10‚O 6,9 3,Ο 6,1 2,6 1,20 1,12 1,12
20 27. 9,88 27, 9,91 11,4O ÷ 5,8 4,5 2,0 3,0 0,0 1,4 1,65 2,77 2,7ἰ“
21 28. Ο,86 28. (Lol 28. Ο,61 -ῑ- 5,7 ΙΟ,6 3,9 2, 2 5, 3 2, 6 2, ΟΟ l ‚ 47 1, 52
22 0,00 27.11‚93 033 ÷ 7,2 13‚·2 8,2 2,4 5‚4 3,0 2,17 1,99 ’2,09
23 27.11‚94 10‚55 27. 8,86 ÷lo,5 13,5 7,3 2, 7 4,1 O, O 2, 72 1, 72 3 , 34
24 (284 5,60 6,36 -1-7,2 8,5 5,2 O‚0 O,7 O,7 3,3‘2 3,26 2,58
25 8,01 8,86 9,57 ÷G‚0 12‚3 8‚O Ι,0 1,ὀ 1,5 2,32 3,80 2,76
26 10,34 10,94 11,09 ÷8,l 13,2 10,1 0‚5 ],9 1,3 3,28 3,83 3,34
27 ηερ ι],6ι 11‚81 ÷12‚‘2 18,3 12⁵ 1, 6 5,ι 3, 2 3, 72 3, 52 2,95
28 28. Ο,12 28. 0,(12 28. 0‚05 ÷10,3 18‚5 11,5 l, 1 6, 6 2, 6 3 , 48 2, 78 3, Ol
29 27.11,75 2711,Οὸ 27.10,95 4125 18,6 13,1 2, 7 7, Ο 3, 4 3, 48 2, 54 2,99
30 11,8Ο 28. Ο,36 28. 1,29 ÷11,5 17,ss 12,7 472 6,8 3,4 2,21 2,27 2,88
31 28. 2,28 1,69 1,31 ÷12,5 19,5 12,Ο 4, 5 8, 5 3, 6 2, 27 l, 96 2, 62

 

 

ι”ἐ
σι
ee}
ιΞ
ιοέ
‘vv

 

49⁰3* -ι- 5⁰,4',5

 

,ξ zzlossslzmmffiy27.10,82 45⁰,5

 
  

 

Barom. Max. le 15 vers un N. leiger..

Barom. Min. le 8 vers un N. faihle.

 

 

