XI.

JUIN 1861.

   

 

 

 

 

 

 

 

 

 

 

 

 

 

 

 

 

 

 

 

 

 

 

ξ Βανονηὲίνε ὰ 00 Τονηρέναίανε exte'rz'eure Dgffe‘rence entre le T herm. T ension dela vapeur d'eau
ΞΜ en pouces et Zz'ynes Par. suivant Ze Therm.cer1tzy. sec et mouille* dans l’az'r en Ziynes Par,
{m 77¹- du mat. 27²· du soz'r 9¹²· du soir 7⁶· dum. 21¹· dus. ‹9¹¹- du s. 71. dum. 27¹ dus.91¹-dus.7fi dum 21¹· dus. ¹91¹- dus.
1 28. 0,97 ⁴28. 023 97.,1196 ÷1104 Ἴιι9ῡ,τ -1-1-20,3 ⁴⁰⁷2 80,ss 40‚0 2219 1”,’ 96 3'2521
2 0,17 0,Ο9 28. Ο,21 14 2 22 7 16, 4 3,ss 9,2 4,3 3,Οὸ 2,51 3,41
3 1,1·45 1,8Ο 1,91 10 5 23, 3 16, 2 1,5 10,3 4,9 3,33 2,0-1 ·2,00
4 243 2,51 2,77 17, 7 23,15,7 5‚8 10,7 5,6 ·2,92 1,77 2,48
5 2,(»6 2,46 1,87 17,0 23, 7 16,2 4,2 9,0 5,1 3,64 2,94 2,61
61,73 0,78 Ο,20 15, 8 25,Ο 15,1 4,0 9,7 4,9 3,· 39 2,97 2,7]
7 0,Ι9 0,69 1,·26 17, 9 27, O 17‚5 3,7 10,8 3,5 4, 20 2, 99 4, 21
8 2,29 2,31 241) 18, 3 26, 4 17,7 4,3 11,0 5,2 3,θὸ 2,(33 3,28
9 283 248 2,55 18, 5 24, 8 19,2 4,8 9,3 5,2 5, 71 3,13 3, 73
10 2,.92 2, 78 283 19, 7 28, 2 18,5 5,Ο 1‘2,4 5,8“ 4, 0-2 2, 38 3,1ss
11 3,(17 2,69 2,81 20, 7 29 ,3 2(1,7 ῐ),8 13,Ο 5,9 3, 87 2, 41 3, 80
12 2,9.’”) 2,8ῖ) 3,20 27, 7 27,1 18,7 4,8 SA 3,'2 4,87 4,61 4,δῦ
13 3‚8-1 :208 2,9317,27,8 20,2 3,6 9,6 3,6 4,11 4,(18 5,15
14 3,47 :2214 3,(14 21, 4 26, 5 20,7 4,2 8,7 4,(l 5,1‹·4‚06 5,0·2
151 2,(10 1,16 1,19 21, 5 20, 5 17,(1 3,4 Ο,8 Ο,0 5, 76 7,12 6, 22
16 Ο,96 (1,’)1 27.,1Ι48 11, 5 12,2 11,2 1,0 1,5 1,1 3,85 3,77 3,71
17 Ο,63 1,19 .1,14 9,Ο 11, 5 7,8 3,5 5,4 2,3 2,0“.) 1,61 2,34
18 27.11,78 27.10,49 27.,1017 ΙΟ, 7 19 ,7 14,3 2,6 6,1 2,1 2,92 3,38 4,03
19 28, Ο,10 28. 0,13 11,31 10, 7 19, 9 12,7 4,2 8,2 2,7 ⁴2,‹1:1 2,‘24 3,26
20 27.1Ο,37 ζ>711>7 28. 0,Ο2 1-1,819,8 13,9 2,7 6,’3 3,7 3,84 3,29 3,04
21 10,83 11,(15 0,(16 14, 3 14, 6 11,2 2,8 4,7 1,ῐ) 3,63 2,69 3,51
22 28. 1,26 28. 0,89 (El-‘3 12, 7 20, 3 14,4 2,8 7,6 3,0 3, 20 2 72 3, 56
*23 (ΜΟ Q7.,1155 27. 11,51 16, Ο *23 ι 13,S 4,1 8,ss 5,‹) 3, 40 3 11 ρ, 34
-21 27.,1167 11,78 11,Βὲ 16, 2 21, 4 13,7 4‚5 8,0 4,1 3‚24 2,81 2,77
25 11,64 11‚99 11, 54 16,3 ’ΔΘΑ ι3,4 4,6 7,9 5,2 3,21 2,57 2,ss
'26 28 0,4‘2 28. 0,(,14 28 Ο,33 15, 0 22 ,0 13,3 5,0 9,Ο 2,3 3, 64 ’2, 42 3, 63
27 0,22 27.,1182 27,,1149 16, 0 22, 3 15,7 4,3 9⁷4 3,4 3, 29 2, 28 3, 71
28 27.,1033 10,77 10,69 18, 4 26 ,4 16,7 -1,9 9⁷⁴2 4,5 3, (57 3, 83 3, 39
-9 1018 934 8,67 17 3 23, 3 17,4 3,ss 72⁴ 4,1 4,Ο(1 3‚82 3,82
30 6‚83 7,51 7,65 15 (ι 19 ‚8 153 ο,6 2‚1 (1,1 5,Ιὸ 5,97 5,49
ἐξ 28. 082 28. (1,οθ 28. 0,57 1-1-160, l 422⁰, 51414-150, 30, 8 Ι 8⁰, l ‘3⁰' 7”Ἰ3 fillssm ,141 3”’ ,56
Barom. max. le 13 vers un ΝΟ. faible.
Barom. min. le 30 vers un N. saible.

 

 

