(Troisieme groupe)

K = -ι- 97051'48¹

Tableau Nto 45.

2=÷ 2809'

LXIII

Rome Ze 29 mai 1862.

us Ξ 69⁰ 42¹ 48¹¹

 

 

 

 

 

Hem-e G ἶ AG Α V
893233ff÷455633
οι· 4- } ¹ , · “
⁷ ὁ) ἐξ ἶὲἑ {23¹5 27ιὸ {3} ἓὲ
7 32 45 -42 225 59 55
36 30 ÷44„40‘ ³ 2 ¹7¹5 f 60 36
749303÷44 ο -> 5 63 ,1
52 45 π-41 55 “ 63 36
8 8 30 —41 49 1 35 66 31
14 45343 15 67 44
8 39 45,÷42 55- „2 225 72 26
43 15 3—40 325 - ¹ 72 56
9 25 151-40 2ο 2 20 80 32
28 453-1—42 40 81 6
9 52 45 ἰ4-42 55 2 45 85 6
56 30 -40 10 85 44
333ῑ33 25 63
51 30 —41 325 65 30
4ἕὲ3ῖὲἓὲ3 235 {3342
4 ἓῗξ 33·ἶὲ ἓέ5 2 425 {3} 25}
5 21 45 ’-42 55 „2 575 48 49
24 3ο ÷45 525 - ¹ 48 14
5 56 0 ÷45 575 2 175 42 36
59 30 —43 40 ι 41 57
6 14 45 -44 10 2 275 39 18
19 45 ,4-46 375 ’ 38 32
6 40 30 ÷46 525 2 375 34 54
45 0 -44 15 ¹ 34 13
⁷ 333 '12³ss 335 2 325 3} ῗὲ
7 8 30 -1-47'5' 3 75 30 25
10 45 —43 575Ι ’ 29 57

 

 

 

 

 

 

 

 

 

 

 

Moyennes

Hem-e ἵ u p

6⁷¹ 49⁷1122⁵5 230 44¹ 06357
7 8 225 27 135 06346
7 34 375 32 65 06377
7 51 75 35 95 06235
8 11 375 38 585 06108
8 41 30 44 29 05926
9 27 0 52 40 05867
9 54 375 57 16 05880
3 19 375 43 125 016133
3 49 525 37 38 016249
4 24 o 31 16 06424
4 54 45 25 36 06564
5 23 75 2ο 225 06596
5 57 45 14 75 06693
6 17 15 10 46 06835
6 42 45 6 245 06876
7 2 75 3 155 06925
7 9 375 2 2 06870

 

 

