111.
FISJVRIER 1862.

      
      

 

 

Dg'ffessrence entre le Therm.

sec et mouille

Baromktre ὰ 0⁰ Temperature exce‘rieure T ension de la vapeur d‘eau

en pouces et liques Par. suivant le Therm. centiq dans l'az'r en liynes Par.

{SJOJU up smol*

 

 

 

 

711-dumat. 21¹-du soir 91¹-du soir 71¹-211-dum. du s. 9Ᾰ du s. 7¹¹ dum. 2¹²· du s. ,915- du s. 71¹-du m. 2h-du &¹ 91¹·du s.

 

 

 

 

 

    

   

 

 

 

 

1 27. 7,79 27. 8,67 27. 7,30 - 9ο,8 -80,3 —11⁰,1 0⁰,4 0⁰,2 00,2 0 87 1”,’ 05 Γ, 84
2 28.1,13 28.1,72 28. 2,47 15, 9 — 7, 3 -14,1 0,3 0,1 0,0 0 53 1 16 0, 72
3 1,70 27.11,62 27. 8,55 16, 8 - 7, 7 - 4, 6 0,6 0,5 0,2 0, 58 0 99 1 39
4 27.,1017 11,14 11,78 5, 7 -7,1- 9, 8 0,0 0,2 0,4 1, 35 1 15 0 87
5 11,13 10,87 11,03 13, 6 -,14 0 -14, 8 0,2 2,3 0,2 0, 69 0 63 0, 62
6 28. 0,12 28. 113 28. 308 14, 7 -13, 3 -18, 3 0,2 0,2 0,1 0, 62 0 ”0 ο, 48
7 4,99 5,06 4,67 24, 1-15, 6 -20, 9 0,2 0,2 0,2 11, 26 0 58 0, 36
8 280 2,79 4,25 19, 9 -11, 5 -16, 4 0,4 0,0 0,1 1), 36 0 88 1), 57
9 4,01 3,16 2,13 19,6—8„0—46 0,2 0,1 0,3 0,41 1,111 1‚35
10 1,01 0,50 27.11,·211 3, 0—2, 2 -31 0,1 0,0 0,2 1,60 1,74 1,56
11 27. 8,80 27. 8,10 9,11 6,8-2,3 -7,3 0,1 0,3 0,0 1,21 1,61 1,20
12 9,75 9,55 11,84 8,8—0‚9 —7‚9 0,0 0,6 0,4 1,07 1,68 1‚02
13 28.1,98 28 1,46 11,16 23, 7 -11,6 - 9, 7 0,0 0,5 0,2 0, 33 0, 71 0, 94
14 27. 890 0,111 28 0,75 9, 8 -11, -2 -20, 3 0,3 0,3 0,0 0, 90 0, 80 11, 44
15 10,67 27 9,21 27. 8,75 11, 7—2,5 —3,0 6‚0 0,6 0,3 o,86 1,48 1,53
16 10,64 11,27 111117 9, 2 — 7, 4 .- 4, 7 0,1 ο,2 0,2 1,01 1,12 1, 12
17 8,61 9,24 10,31 8, 1 - 1, 6 - 8, 8 0,2 0,1 0,1 1,07 1, 77 1‚04
18 .,103 28. 2,33 28. 322 9,8-4,5 -13,8 0,1 0,0 0,1 11,96 1,47 0,70
19 337 305 2,88 9,5—0,·3 -2,0 0,2 1,0 0,3 0,96 1,60 1,65
20 3,28 3,28 2,77 5,9 ÷0‚2 -1,9 0,1 0,5 0,2 1,29 1,51 1,70
21 2,03 1,85 1,81 3,1-0,6 -1,3 0,0 0,4 0,0 1,63 1,81 1‚85
22 239 3,(16 3,77 1,9 -1-1,2 - 0,3 0,1 0,4 0,1 1, 73 2, 04 1, 94
23 5,09 602 6,90 1,1÷O,3 -1,11 0,1 0,3 ο,2 1,81 1,95 1‚82
24 7,21 7,34 7,29 2,1 -1-2,5 ÷0,2 0,1 1‚0 0,5 1,71 1,98 1,86
25 662 6,48 6‚67 1,2-0,8 -8,3 0,1 0,2 1,82 1,84

26 6,70 6,60 6,ο4 15,9 ÷0,7 -6,2 0,0 0,7 0,1 0,6-2 1,84 1,26
27 3,84 3,01 156 10,0÷3,1 -4,1 0,1 0,8 0,6 1,95 1 30 1,29
28 27,10,93 27. 9,64 27. 9,35 1,5 4- 0,2 - 6,8 0,4 2,5 0,5 Ι 1,68 1 86 1,9-1
,ξ 28. 1 ,.31128 1 3,7’28.1,Ι-100,131-40, 7 —— 7241 0⁰, 1 Ι ΨΑΛ 0⁰,3 Ι 1 0311Ψ ,371 lm ,19

 

 

 

——-—-——-————————-—-——————-——

Barom. max. le 24 vers un N. tfes faible.

Barom. min. le l vers uu N. violent.

 

 

